000000000000000000000000000000000000000000000000000000000000
000000000000000000000000000000000000000000000000000000000009
000000000000000000000000000000000000000000000000000000000001
000000000000000000000000000000000000000000000000000000000001
000000000000000000000000000000000000000000000000000000000001
000000000000000000000000000000000000000000000000000000000001
000000000000000000000000000000000000000000000000000000000001
000000000000000000000000000000000000000000000000000000000001
000000000000000000000000000000000000000000000000000000000001
800000000000000001111111111000000000000000000000000000000001
000000000000000001000000001000000000000000000000000000000001
000000000000000021000003001000000000000000000000000000000001
000000000000000001000000001000000000000000000000000000000001
000000000000000001111111111000000000000000000000000000000001
000000000000000000000000000000000000000000000000000000000001
000000000000000000000000000000000000000000000000000000000001
000000000000000000000000000000000000000000000000000000000001
000000000000000000000000000000000000000000000000000000000001
000000000000000000000000000000000000000000000000000000000001
000000000000000000000000000000000000000000000000000000000001
000000000000000000000000000000000000000000000000000000000001
000000000000000000000000000000000000000000000000000000000001
000000000000000000000000000000000000000000000000000000000001
000000000000000000000000000000000000000000000000000000000001
000000000000000000000000000000000000000000000000000000000001
000000000000000000000000000000000000000000000000000000000001
000000000000000000000000000000000000000000000000000000000001
000000000000000000000000000000000000000000000000000000000001
000000000000000000000000000000000000000000000000000000000001
000000000000000000000000000000000000000000000000000000000001
